epoch,timestamp,operations,operations-delta,operations/second
1695660835.639,25/09/2023 16:53:55,27477,27477,27449.55
1695660836.639,25/09/2023 16:53:56,68902,41425,41425
1695660837.639,25/09/2023 16:53:57,104830,35928,35928
1695660838.639,25/09/2023 16:53:58,139030,34200,34200
1695660839.639,25/09/2023 16:53:59,173050,34020,34020
1695660840.639,25/09/2023 16:54:00,206489,33439,33439
1695660841.639,25/09/2023 16:54:01,239621,33132,33132
1695660842.639,25/09/2023 16:54:02,270586,30965,30965
1695660843.639,25/09/2023 16:54:03,302805,32219,32219
1695660844.639,25/09/2023 16:54:04,337217,34412,34412
1695660845.64,25/09/2023 16:54:05,371203,33986,33952.048
1695660846.64,25/09/2023 16:54:06,419757,48554,48554
1695660847.64,25/09/2023 16:54:07,464967,45210,45210
1695660848.64,25/09/2023 16:54:08,510734,45767,45767
1695660849.64,25/09/2023 16:54:09,552673,41939,41939
1695660850.64,25/09/2023 16:54:10,595581,42908,42908
1695660851.64,25/09/2023 16:54:11,638562,42981,42981
1695660852.64,25/09/2023 16:54:12,681009,42447,42447
1695660853.64,25/09/2023 16:54:13,723019,42010,42010
1695660854.64,25/09/2023 16:54:14,765910,42891,42891
1695660855.64,25/09/2023 16:54:15,808786,42876,42876
1695660856.64,25/09/2023 16:54:16,851270,42484,42484
1695660857.64,25/09/2023 16:54:17,894650,43380,43380
1695660858.64,25/09/2023 16:54:18,927958,33308,33308
1695660859.641,25/09/2023 16:54:19,969779,41821,41779.221
1695660860.641,25/09/2023 16:54:20,1012912,43133,43133
1695660861.641,25/09/2023 16:54:21,1055940,43028,43028
1695660862.641,25/09/2023 16:54:22,1099187,43247,43247
1695660863.641,25/09/2023 16:54:23,1143283,44096,44096
1695660864.641,25/09/2023 16:54:24,1186432,43149,43149
1695660865.641,25/09/2023 16:54:25,1228842,42410,42410
1695660866.641,25/09/2023 16:54:26,1271126,42284,42284
1695660867.641,25/09/2023 16:54:27,1313998,42872,42872
1695660868.641,25/09/2023 16:54:28,1356768,42770,42770
1695660869.641,25/09/2023 16:54:29,1399997,43229,43229
1695660870.641,25/09/2023 16:54:30,1442700,42703,42703
1695660871.641,25/09/2023 16:54:31,1489568,46868,46868
1695660872.641,25/09/2023 16:54:32,1536341,46773,46773
1695660873.642,25/09/2023 16:54:33,1585605,49264,49214.785
1695660874.642,25/09/2023 16:54:34,1633270,47665,47665
1695660875.642,25/09/2023 16:54:35,1680034,46764,46764
1695660876.642,25/09/2023 16:54:36,1726636,46602,46602
1695660877.642,25/09/2023 16:54:37,1774195,47559,47559
1695660878.642,25/09/2023 16:54:38,1823001,48806,48806
1695660879.642,25/09/2023 16:54:39,1869279,46278,46278
1695660880.642,25/09/2023 16:54:40,1917291,48012,48012
1695660881.642,25/09/2023 16:54:41,1964639,47348,47348
1695660882.642,25/09/2023 16:54:42,2012430,47791,47791
1695660883.642,25/09/2023 16:54:43,2060456,48026,48026
1695660884.642,25/09/2023 16:54:44,2108420,47964,47964
1695660885.642,25/09/2023 16:54:45,2156366,47946,47946
1695660886.642,25/09/2023 16:54:46,2203668,47302,47302
1695660887.643,25/09/2023 16:54:47,2251518,47850,47802.198
1695660888.643,25/09/2023 16:54:48,2299485,47967,47967
1695660889.643,25/09/2023 16:54:49,2346309,46824,46824
1695660890.643,25/09/2023 16:54:50,2391960,45651,45651
1695660891.643,25/09/2023 16:54:51,2439653,47693,47693
1695660892.643,25/09/2023 16:54:52,2485703,46050,46050
1695660893.643,25/09/2023 16:54:53,2533482,47779,47779
1695660894.643,25/09/2023 16:54:54,2580928,47446,47446
1695660895.643,25/09/2023 16:54:55,2629337,48409,48409
1695660896.643,25/09/2023 16:54:56,2677721,48384,48384
1695660897.643,25/09/2023 16:54:57,2726030,48309,48309
1695660898.643,25/09/2023 16:54:58,2773709,47679,47679
1695660899.643,25/09/2023 16:54:59,2822391,48682,48682
1695660900.643,25/09/2023 16:55:00,2870060,47669,47669
1695660901.644,25/09/2023 16:55:01,2918042,47982,47934.066
1695660902.644,25/09/2023 16:55:02,2965600,47558,47558
1695660903.644,25/09/2023 16:55:03,3012783,47183,47183
1695660904.644,25/09/2023 16:55:04,3061066,48283,48283
1695660905.644,25/09/2023 16:55:05,3108620,47554,47554
1695660906.644,25/09/2023 16:55:06,3156751,48131,48131
1695660907.644,25/09/2023 16:55:07,3203842,47091,47091
1695660908.644,25/09/2023 16:55:08,3251892,48050,48050
1695660909.644,25/09/2023 16:55:09,3299058,47166,47166
1695660910.644,25/09/2023 16:55:10,3347368,48310,48310
1695660911.644,25/09/2023 16:55:11,3394701,47333,47333
1695660912.644,25/09/2023 16:55:12,3443128,48427,48427
1695660913.644,25/09/2023 16:55:13,3490940,47812,47812
1695660914.644,25/09/2023 16:55:14,3537630,46690,46690
1695660915.645,25/09/2023 16:55:15,3584805,47175,47127.872
1695660916.645,25/09/2023 16:55:16,3632254,47449,47449
1695660917.645,25/09/2023 16:55:17,3679315,47061,47061
1695660918.645,25/09/2023 16:55:18,3726446,47131,47131
1695660919.645,25/09/2023 16:55:19,3774136,47690,47690
1695660920.645,25/09/2023 16:55:20,3821884,47748,47748
1695660921.645,25/09/2023 16:55:21,3869953,48069,48069
1695660922.645,25/09/2023 16:55:22,3918044,48091,48091
1695660923.645,25/09/2023 16:55:23,3966946,48902,48902
1695660924.645,25/09/2023 16:55:24,4015001,48055,48055
1695660925.645,25/09/2023 16:55:25,4063532,48531,48531
1695660926.645,25/09/2023 16:55:26,4111570,48038,48038
1695660927.645,25/09/2023 16:55:27,4159466,47896,47896
1695660928.646,25/09/2023 16:55:28,4208442,48976,48927.073
1695660929.646,25/09/2023 16:55:29,4256901,48459,48459
1695660930.646,25/09/2023 16:55:30,4305145,48244,48244
1695660931.646,25/09/2023 16:55:31,4353667,48522,48522
1695660932.646,25/09/2023 16:55:32,4401035,47368,47368
1695660933.646,25/09/2023 16:55:33,4447572,46537,46537
1695660934.646,25/09/2023 16:55:34,4495346,47774,47774
1695660935.646,25/09/2023 16:55:35,4543442,48096,48096
1695660936.646,25/09/2023 16:55:36,4592102,48660,48660
1695660937.646,25/09/2023 16:55:37,4640510,48408,48408
1695660938.646,25/09/2023 16:55:38,4688816,48306,48306
1695660939.646,25/09/2023 16:55:39,4735798,46982,46982
1695660940.646,25/09/2023 16:55:40,4783691,47893,47893
1695660941.646,25/09/2023 16:55:41,4832094,48403,48403
1695660942.647,25/09/2023 16:55:42,4880181,48087,48038.961
1695660943.647,25/09/2023 16:55:43,4928751,48570,48570
1695660944.647,25/09/2023 16:55:44,4976580,47829,47829
1695660945.647,25/09/2023 16:55:45,5024874,48294,48294
1695660946.647,25/09/2023 16:55:46,5072612,47738,47738
1695660947.647,25/09/2023 16:55:47,5120759,48147,48147
1695660948.647,25/09/2023 16:55:48,5169821,49062,49062
1695660949.647,25/09/2023 16:55:49,5218976,49155,49155
1695660950.647,25/09/2023 16:55:50,5267053,48077,48077
1695660951.647,25/09/2023 16:55:51,5314069,47016,47016
1695660952.647,25/09/2023 16:55:52,5361871,47802,47802
1695660953.647,25/09/2023 16:55:53,5409956,48085,48085
