epoch,timestamp,operations,operations-delta,operations/second
1695721580.655,26/09/2023 09:46:20,1837,1837,1835.165
1695721581.655,26/09/2023 09:46:21,5950,4113,4113
1695721582.655,26/09/2023 09:46:22,11272,5322,5322
1695721583.655,26/09/2023 09:46:23,16781,5509,5509
1695721584.655,26/09/2023 09:46:24,22261,5480,5480
1695721585.655,26/09/2023 09:46:25,25914,3653,3653
1695721586.655,26/09/2023 09:46:26,28772,2858,2858
1695721587.655,26/09/2023 09:46:27,31589,2817,2817
1695721588.655,26/09/2023 09:46:28,34464,2875,2875
1695721589.656,26/09/2023 09:46:29,37230,2766,2763.237
1695721590.656,26/09/2023 09:46:30,40084,2854,2854
1695721591.656,26/09/2023 09:46:31,42997,2913,2913
1695721592.656,26/09/2023 09:46:32,47540,4543,4543
1695721593.656,26/09/2023 09:46:33,53347,5807,5807
1695721594.656,26/09/2023 09:46:34,58779,5432,5432
1695721595.656,26/09/2023 09:46:35,64505,5726,5726
1695721596.656,26/09/2023 09:46:36,70383,5878,5878
1695721597.656,26/09/2023 09:46:37,75281,4898,4898
1695721598.656,26/09/2023 09:46:38,80243,4962,4962
1695721599.656,26/09/2023 09:46:39,85154,4911,4911
1695721600.656,26/09/2023 09:46:40,90204,5050,5050
1695721601.656,26/09/2023 09:46:41,95253,5049,5049
1695721602.656,26/09/2023 09:46:42,100079,4826,4826
1695721603.657,26/09/2023 09:46:43,105011,4932,4927.073
1695721604.657,26/09/2023 09:46:44,109720,4709,4709
1695721605.657,26/09/2023 09:46:45,114458,4738,4738
1695721606.657,26/09/2023 09:46:46,119437,4979,4979
1695721607.657,26/09/2023 09:46:47,125690,6253,6253
1695721608.657,26/09/2023 09:46:48,132239,6549,6549
1695721609.657,26/09/2023 09:46:49,138945,6706,6706
1695721610.657,26/09/2023 09:46:50,145417,6472,6472
1695721611.657,26/09/2023 09:46:51,151809,6392,6392
1695721612.657,26/09/2023 09:46:52,158341,6532,6532
1695721613.657,26/09/2023 09:46:53,164999,6658,6658
1695721614.657,26/09/2023 09:46:54,171115,6116,6116
1695721615.657,26/09/2023 09:46:55,177855,6740,6740
1695721616.657,26/09/2023 09:46:56,184121,6266,6266
1695721617.657,26/09/2023 09:46:57,190686,6565,6565
1695721618.658,26/09/2023 09:46:58,197308,6622,6615.385
1695721619.658,26/09/2023 09:46:59,204047,6739,6739
1695721620.658,26/09/2023 09:47:00,210563,6516,6516
1695721621.658,26/09/2023 09:47:01,217276,6713,6713
1695721622.658,26/09/2023 09:47:02,224031,6755,6755
1695721623.658,26/09/2023 09:47:03,230705,6674,6674
1695721624.658,26/09/2023 09:47:04,237175,6470,6470
1695721625.658,26/09/2023 09:47:05,243675,6500,6500
1695721626.658,26/09/2023 09:47:06,250079,6404,6404
1695721627.658,26/09/2023 09:47:07,256477,6398,6398
1695721628.658,26/09/2023 09:47:08,262924,6447,6447
1695721629.658,26/09/2023 09:47:09,269554,6630,6630
1695721630.658,26/09/2023 09:47:10,276251,6697,6697
1695721631.659,26/09/2023 09:47:11,282933,6682,6675.325
1695721632.659,26/09/2023 09:47:12,289552,6619,6619
1695721633.659,26/09/2023 09:47:13,296374,6822,6822
1695721634.659,26/09/2023 09:47:14,303141,6767,6767
1695721635.659,26/09/2023 09:47:15,309948,6807,6807
1695721636.659,26/09/2023 09:47:16,316626,6678,6678
1695721637.659,26/09/2023 09:47:17,323308,6682,6682
1695721638.659,26/09/2023 09:47:18,329694,6386,6386
1695721639.659,26/09/2023 09:47:19,336055,6361,6361
1695721640.659,26/09/2023 09:47:20,342592,6537,6537
1695721641.659,26/09/2023 09:47:21,349301,6709,6709
1695721642.659,26/09/2023 09:47:22,356171,6870,6870
1695721643.659,26/09/2023 09:47:23,362818,6647,6647
1695721644.659,26/09/2023 09:47:24,369190,6372,6372
1695721645.66,26/09/2023 09:47:25,375682,6492,6485.514
1695721646.66,26/09/2023 09:47:26,382529,6847,6847
1695721647.66,26/09/2023 09:47:27,388897,6368,6368
1695721648.66,26/09/2023 09:47:28,395160,6263,6263
1695721649.66,26/09/2023 09:47:29,401607,6447,6447
1695721650.66,26/09/2023 09:47:30,408397,6790,6790
1695721651.66,26/09/2023 09:47:31,415111,6714,6714
1695721652.66,26/09/2023 09:47:32,421699,6588,6588
1695721653.66,26/09/2023 09:47:33,428095,6396,6396
1695721654.66,26/09/2023 09:47:34,434576,6481,6481
1695721655.66,26/09/2023 09:47:35,440869,6293,6293
1695721656.66,26/09/2023 09:47:36,447514,6645,6645
1695721657.66,26/09/2023 09:47:37,454122,6608,6608
1695721658.66,26/09/2023 09:47:38,460865,6743,6743
1695721659.661,26/09/2023 09:47:39,467629,6764,6757.243
1695721660.661,26/09/2023 09:47:40,474321,6692,6692
1695721661.661,26/09/2023 09:47:41,481142,6821,6821
1695721662.661,26/09/2023 09:47:42,487946,6804,6804
1695721663.661,26/09/2023 09:47:43,494614,6668,6668
1695721664.661,26/09/2023 09:47:44,501304,6690,6690
1695721665.661,26/09/2023 09:47:45,507901,6597,6597
1695721666.661,26/09/2023 09:47:46,514593,6692,6692
1695721667.661,26/09/2023 09:47:47,521324,6731,6731
1695721668.661,26/09/2023 09:47:48,528090,6766,6766
1695721669.661,26/09/2023 09:47:49,534491,6401,6401
1695721670.661,26/09/2023 09:47:50,540530,6039,6039
1695721671.661,26/09/2023 09:47:51,547028,6498,6498
1695721672.661,26/09/2023 09:47:52,553545,6517,6517
1695721673.661,26/09/2023 09:47:53,560065,6520,6520
1695721674.662,26/09/2023 09:47:54,566680,6615,6608.392
1695721675.662,26/09/2023 09:47:55,573343,6663,6663
1695721676.662,26/09/2023 09:47:56,579930,6587,6587
1695721677.662,26/09/2023 09:47:57,586740,6810,6810
1695721678.662,26/09/2023 09:47:58,593523,6783,6783
1695721679.662,26/09/2023 09:47:59,599999,6476,6476
1695721680.662,26/09/2023 09:48:00,606617,6618,6618
1695721681.662,26/09/2023 09:48:01,613053,6436,6436
1695721682.662,26/09/2023 09:48:02,619797,6744,6744
1695721683.662,26/09/2023 09:48:03,626303,6506,6506
1695721684.662,26/09/2023 09:48:04,632877,6574,6574
1695721685.662,26/09/2023 09:48:05,639588,6711,6711
1695721686.662,26/09/2023 09:48:06,646244,6656,6656
1695721687.662,26/09/2023 09:48:07,652892,6648,6648
1695721688.663,26/09/2023 09:48:08,659700,6808,6801.199
1695721689.663,26/09/2023 09:48:09,666123,6423,6423
1695721690.663,26/09/2023 09:48:10,672928,6805,6805
1695721691.663,26/09/2023 09:48:11,679612,6684,6684
1695721692.663,26/09/2023 09:48:12,685976,6364,6364
1695721693.663,26/09/2023 09:48:13,692662,6686,6686
1695721694.663,26/09/2023 09:48:14,699088,6426,6426
1695721695.663,26/09/2023 09:48:15,705796,6708,6708
1695721696.663,26/09/2023 09:48:16,712324,6528,6528
1695721697.663,26/09/2023 09:48:17,718833,6509,6509
1695721698.663,26/09/2023 09:48:18,725232,6399,6399
